L	0.1396	3.2951	1477010443300000	-0.0118	2.9997	-0.0785	0.9969
R	3.2360	1.5446	1.0996	1477010443700000	-0.0712	3.3950	-0.2028	0.9792
L	-0.0290	3.9267	1477010444100000	-0.1797	3.7797	-0.3239	0.9461
R	3.9433	1.6461	0.7638	1477010444500000	-0.3356	4.1478	-0.4399	0.8980
L	-0.6673	4.4737	1477010444900000	-0.5364	4.4935	-0.5490	0.8358
R	5.0308	1.6990	0.2588	1477010445300000	-0.7789	4.8112	-0.6494	0.7604
L	-1.1950	5.1243	1477010445700000	-1.0593	5.0961	-0.7396	0.6730
R	4.4729	1.8278	0.7582	1477010446100000	-1.3732	5.3436	-0.8181	0.5750
L	-1.9169	5.5554	1477010446500000	-1.7157	5.5498	-0.8838	0.4679
R	6.0954	1.9526	0.5329	1477010446900000	-2.0813	5.7114	-0.9354	0.3535
L	-2.5171	5.7283	1477010447300000	-2.4643	5.8259	-0.9724	0.2334
L	-3.5099	5.7662	1477010448100000	-3.2580	5.9073	-0.9999	-0.0157
L	-3.9596	6.0818	1477010448900000	-4.0471	5.7886	-0.9646	-0.2639
L	-4.9471	5.5304	1477010449700000	-4.7818	5.4775	-0.8686	-0.4955
L	-4.9910	5.1632	1477010450500000	-5.4161	4.9934	-0.7181	-0.6959
L	-5.8421	4.3605	1477010451300000	-5.9101	4.3668	-0.5225	-0.8526
L	-6.1687	3.5910	1477010452100000	-6.2327	3.6371	-0.2941	-0.9558
L	-6.5254	2.8202	1477010452900000	-6.3637	2.8500	-0.0471	-0.9989
L	-6.2916	1.7356	1477010453700000	-6.2949	2.0550	0.2028	-0.9792
L	-6.2407	1.2758	1477010454500000	-6.0305	1.3022	0.4399	-0.8980
L	-5.6773	0.5991	1477010455300000	-5.5872	0.6388	0.6494	-0.7604
L	-5.0537	0.0331	1477010456100000	-4.9928	0.1064	0.8181	-0.5750
L	-4.3656	-0.3586	1477010456900000	-4.2848	-0.2614	0.9354	-0.3535
L	-3.4167	-0.5531	1477010457700000	-3.5075	-0.4416	0.9940	-0.1098
R	2.7936	-3.0109	-1.0157	1477010458100000	-3.1080	-0.4572	0.9999	0.0157
L	-2.5814	-0.3777	1477010458500000	-2.7098	-0.4228	0.9900	0.1409
R	2.4426	-3.0403	-0.7333	1477010458900000	-2.3190	-0.3386	0.9646	0.2638
L	-1.8733	-0.3358	1477010459300000	-1.9419	-0.2062	0.9239	0.3827
R	1.4204	-3.1028	-0.6403	1477010459700000	-1.5843	-0.0275	0.8686	0.4954
L	-1.1172	0.3614	1477010460100000	-1.2519	0.1946	0.7997	0.6004
R	1.9196	2.6803	-0.3596	1477010460500000	-0.9500	0.4566	0.7181	0.6959
L	-0.6302	0.7295	1477010460900000	-0.6833	0.7543	0.6253	0.7804
R	1.1627	1.9594	0.7626	1477010461300000	-0.4560	1.0832	0.5225	0.8526
L	-0.0750	1.4293	1477010461700000	-0.2717	1.4379	0.4115	0.9114
R	1.5795	1.6465	0.8013	1477010462100000	-0.1334	1.8130	0.2941	0.9558
L	-0.1987	2.0494	1477010462500000	-0.0431	2.2024	0.1720	0.9851
R	2.4469	1.5462	1.0195	1477010462900000	-0.0024	2.6000	0.0471	0.9989
L	-0.1826	3.2852	1477010463300000	0.0039	2.9999	0.0471	0.9989
R	3.1224	1.5659	0.9251	1477010463700000	0.0509	3.3969	0.1720	0.9851
L	0.1935	3.9908	1477010464100000	0.1473	3.7848	0.2941	0.9558
R	4.2485	1.5078	1.1427	1477010464500000	0.2915	4.1576	0.4115	0.9114
L	0.4228	4.5763	1477010464900000	0.4813	4.5094	0.5225	0.8526
R	4.8659	1.4363	1.2880	1477010465300000	0.7137	4.8347	0.6253	0.7804
L	0.8465	5.1890	1477010465700000	0.9851	5.1282	0.7181	0.6959
R	5.2442	1.3750	0.5735	1477010466100000	1.2911	5.3854	0.7997	0.6004
L	1.7181	5.6173	1477010466500000	1.6269	5.6023	0.8686	0.4954
R	6.1505	1.1952	0.3541	1477010466900000	1.9873	5.7753	0.9239	0.3827
L	2.1764	5.7315	1477010467300000	2.3664	5.9018	0.9646	0.2638
R	6.6870	1.1584	0.5065	1477010467700000	2.7585	5.9798	0.9900	0.1409
L	3.0619	6.1419	1477010468100000	3.1572	6.0080	0.9999	0.0157
R	7.3401	1.0678	0.8529	1477010468500000	3.5564	5.9861	0.9940	-0.1098
L	4.0261	5.9634	1477010468900000	3.9496	5.9142	0.9724	-0.2335
R	7.2269	0.9353	-0.0305	1477010469300000	4.3308	5.7937	0.9354	-0.3535
L	4.9532	5.4583	1477010469700000	4.6938	5.6263	0.8838	-0.4680
R	7.3889	0.8085	0.3668	1477010470100000	5.0330	5.4148	0.8181	-0.5750
L	5.3308	5.1428	1477010470500000	5.3430	5.1624	0.7396	-0.6730
R	6.9743	0.7553	-0.0606	1477010470900000	5.6189	4.8732	0.6494	-0.7604
L	5.9146	4.4944	1477010471300000	5.8564	4.5516	0.5490	-0.8358
R	7.1035	0.6235	-0.0620	1477010471700000	6.0517	4.2029	0.4399	-0.8980
L	6.0324	3.8895	1477010472100000	6.2018	3.8324	0.3239	-0.9461
R	7.3493	0.4811	0.3217	1477010472500000	6.3042	3.4460	0.2028	-0.9792
L	6.4461	2.8509	1477010472900000	6.3574	3.0498	0.0784	-0.9969
R	7.2924	0.3543	-0.3737	1477010473300000	6.3606	2.6501	-0.0471	-0.9989
L	6.2685	2.0373	1477010473700000	6.3136	2.2531	-0.1719	-0.9851
R	6.5645	0.3175	-0.4982	1477010474100000	6.2172	1.8651	-0.2941	-0.9558
L	6.0865	1.5430	1477010474500000	6.0730	1.4923	-0.4115	-0.9114
R	5.9345	0.1605	-0.2303	1477010474900000	5.8832	1.1405	-0.5225	-0.8526
L	5.7290	0.8311	1477010475300000	5.6507	0.8153	-0.6253	-0.7804
R	5.5081	0.0676	-0.6390	1477010475700000	5.3794	0.5218	-0.7181	-0.6959
R	5.4375	0.0294	-0.7421	1477010476500000	4.7376	0.0477	-0.8686	-0.4955
R	3.9599	-0.1207	-1.0005	1477010477300000	3.9980	-0.2518	-0.9646	-0.2639
R	2.6667	-0.1406	-0.9838	1477010478100000	3.2072	-0.3580	-0.9999	-0.0157
R	2.9115	-0.0597	-0.7914	1477010478900000	2.4149	-0.2643	-0.9724	0.2334
R	1.0345	0.0078	-1.2839	1477010479700000	1.6707	0.0236	-0.8838	0.4679
